   5.7246217e-01
   2.7241494e-01
   7.8515121e-01
   1.2426318e-01
   6.4504228e-01
   4.4557765e-01
   9.9734829e-01
   1.5774790e-01
   5.3242969e-01
   3.7300604e-01
   8.2125890e-01
   1.9746352e-02
   7.4952431e-01
   4.0943611e-01
   8.9678342e-01
   1.9780755e-01
   6.0126256e-01
   3.0804890e-01
   7.6414668e-01
   8.0795341e-02
   6.8069143e-01
   4.7439326e-01
   9.5389563e-01
   1.3675858e-01
   5.1242025e-01
   3.2858112e-01
   8.4910127e-01
   5.6376363e-02
   7.0508418e-01
   3.8941149e-01
   9.3339822e-01
   2.2563474e-01
   5.8802445e-01
   2.5672675e-01
   8.0071349e-01
   1.0857499e-01
   6.2947619e-01
   4.6126204e-01
   9.8178219e-01
   1.7343228e-01
   5.4799531e-01
   3.5732213e-01
   8.3682452e-01
   4.0624455e-03
   7.3396250e-01
   4.2512383e-01
   8.8122162e-01
   2.1349528e-01
   6.1682817e-01
   2.9236500e-01
   7.7971230e-01
   6.5111438e-02
   6.6512962e-01
   4.9008098e-01
   9.3833383e-01
   1.5244630e-01
   5.2798254e-01
   3.1289293e-01
   8.6466355e-01
   4.0688165e-02
   6.8951808e-01
   4.0509587e-01
   9.1783212e-01
   2.4131912e-01
   5.6509891e-01
   2.7969833e-01
   7.9237511e-01
   1.1683687e-01
   6.5246288e-01
   4.3835185e-01
   9.9005918e-01
   1.6510925e-01
   5.4071027e-01
   3.6468326e-01
   8.1287711e-01
   2.7964343e-02
   7.4130822e-01
   4.1782362e-01
   9.0510811e-01
   1.8953270e-01
   6.0856466e-01
   3.0070459e-01
   7.5673955e-01
   8.8038683e-02
   6.7345381e-01
   4.8180230e-01
   9.6124566e-01
   1.2945838e-01
   5.0407853e-01
   3.3684298e-01
   8.5729982e-01
   4.7975389e-02
   7.1348325e-01
   3.8120721e-01
   9.2513446e-01
   2.3397074e-01
   5.8078708e-01
   2.6413602e-01
   8.0806328e-01
   1.0127455e-01
   6.3677853e-01
   4.5391797e-01
   9.7437483e-01
   1.8067538e-01
   5.5639414e-01
   3.4911761e-01
   8.2856099e-01
   1.2398696e-02
   7.2562053e-01
   4.3338545e-01
   8.8942042e-01
   2.0509453e-01
   6.2424854e-01
   2.8513894e-01
   7.7242342e-01
   7.2473032e-02
   6.5776612e-01
   4.9736413e-01
   9.4555797e-01
   1.4502021e-01
   5.1976669e-01
   3.2128067e-01
   8.7298799e-01
   3.2413080e-02
   6.9779890e-01
   3.9677334e-01
   9.0945010e-01
   2.4953686e-01
   5.7500910e-01
   2.6568359e-01
   7.8614055e-01
   1.1890584e-01
   6.4304108e-01
   4.5187820e-01
   9.9580556e-01
   1.6352846e-01
   5.3885491e-01
   3.7015489e-01
   8.2618996e-01
   1.8328810e-02
   7.4365196e-01
   4.1186361e-01
   8.9130709e-01
   1.9965641e-01
   5.9502395e-01
   3.1011011e-01
   7.5830409e-01
   8.2277910e-02
   6.8748294e-01
   4.7190836e-01
   9.5919297e-01
   1.3570730e-01
   5.1005291e-01
   3.3451550e-01
   8.4719241e-01
   6.1790753e-02
   7.0799728e-01
   3.8304627e-01
   9.3475372e-01
   2.2064352e-01
   5.9069726e-01
   2.5012128e-01
   8.0182872e-01
   1.0334353e-01
   6.2735673e-01
   4.6744433e-01
   9.8012121e-01
   1.7909458e-01
   5.5453879e-01
   3.5458924e-01
   8.4187383e-01
   2.7631601e-03
   7.2796427e-01
   4.2742544e-01
   8.7561940e-01
   2.1521825e-01
   6.1070783e-01
   2.9454446e-01
   7.7398796e-01
   6.6712263e-02
   6.7179525e-01
   4.8747020e-01
   9.4350528e-01
   1.5126913e-01
   5.2574108e-01
   3.1895319e-01
   8.6288057e-01
   4.6228440e-02
   6.9231292e-01
   3.9861240e-01
   9.1906937e-01
   2.3620965e-01
   5.6673389e-01
   2.7400815e-01
   7.9452817e-01
   1.1069012e-01
   6.5125871e-01
   4.4349630e-01
   9.8748291e-01
   1.7180938e-01
   5.4621639e-01
   3.6286613e-01
   8.1896378e-01
   2.5749294e-02
   7.3622576e-01
   4.1908787e-01
   8.9859012e-01
   1.9229303e-01
   6.0336008e-01
   3.0184670e-01
   7.5009945e-01
   9.0676865e-02
   6.7908208e-01
   4.8010728e-01
   9.6745448e-01
   1.2736544e-01
   5.0275236e-01
   3.4186541e-01
   8.5460156e-01
   5.4553498e-02
   7.1524025e-01
   3.7563903e-01
   9.2740954e-01
   2.2794599e-01
   5.8229617e-01
   2.5831995e-01
   8.1009045e-01
   9.5001919e-02
   6.3569261e-01
   4.5918068e-01
   9.7191682e-01
   1.8749377e-01
   5.6178201e-01
   3.4718222e-01
   8.3452940e-01
   1.0065391e-02
   7.2066395e-01
   4.3477559e-01
   8.8302832e-01
   2.0798075e-01
   6.1892571e-01
   2.8616280e-01
   7.6566506e-01
   7.4992959e-02
   6.6352027e-01
   4.9579500e-01
   9.5189267e-01
   1.4305316e-01
   5.1831464e-01
   3.2617721e-01
   8.7016384e-01
   3.8865304e-02
   6.9967415e-01
   3.9132341e-01
   9.1184345e-01
   2.4363037e-01
   5.7111607e-01
   2.6960304e-01
   7.8234694e-01
   1.2292472e-01
   6.4686903e-01
   4.4789364e-01
   9.9967190e-01
   1.5958227e-01
   5.3498883e-01
   3.7410128e-01
   8.2236178e-01
   2.2313123e-02
   7.4744582e-01
   4.0784495e-01
   8.9519989e-01
   1.9573669e-01
   5.9893984e-01
   3.0621351e-01
   7.6231891e-01
   7.8480257e-02
   6.8349479e-01
   4.7573274e-01
   9.5524274e-01
   1.3956957e-01
   5.1400290e-01
   3.3065299e-01
   8.5118076e-01
   5.7966631e-02
   7.0398219e-01
   3.8684371e-01
   9.3083807e-01
   2.2454038e-01
   5.8667838e-01
   2.5391488e-01
   7.9790925e-01
   1.0723655e-01
   6.3130290e-01
   4.6357799e-01
   9.8410578e-01
   1.7526663e-01
   5.5055448e-01
   3.5841741e-01
   8.3792743e-01
   6.6292504e-03
   7.3188398e-01
   4.2353264e-01
   8.7963806e-01
   2.1142438e-01
   6.1450549e-01
   2.9052963e-01
   7.7788456e-01
   6.2796381e-02
   6.6793296e-01
   4.9142043e-01
   9.3968091e-01
   1.5525727e-01
   5.2956521e-01
   3.1496482e-01
   8.6674308e-01
   4.2278467e-02
   6.8841607e-01
   4.0252806e-01
   9.1527194e-01
   2.4022473e-01
   5.6277625e-01
   2.7786300e-01
   7.9054741e-01
   1.1452183e-01
   6.5526619e-01
   4.3969126e-01
   9.9140623e-01
   1.6792019e-01
   5.4229284e-01
   3.6675507e-01
   8.1495656e-01
   2.9554548e-02
   7.4020630e-01
   4.1525589e-01
   9.0254801e-01
   1.8843841e-01
   6.0721851e-01
   2.9789264e-01
   7.5393522e-01
   8.6700150e-02
   6.7528062e-01
   4.8411834e-01
   9.6356933e-01
   1.3129282e-01
   5.0663772e-01
   3.3793829e-01
   8.5840277e-01
   5.0542216e-02
   7.1140470e-01
   3.7961599e-01
   9.2355086e-01
   2.3189982e-01
   5.7846444e-01
   2.6230072e-01
   8.0623561e-01
   9.8959553e-02
   6.3958181e-01
   4.5525736e-01
   9.7572184e-01
   1.8348629e-01
   5.5797675e-01
   3.5118946e-01
   8.3064046e-01
   1.3988927e-02
   7.2451858e-01
   4.3081769e-01
   8.8686029e-01
   2.0400021e-01
   6.2290241e-01
   2.8232702e-01
   7.6961913e-01
   7.1134533e-02
   6.5959290e-01
   4.9968014e-01
   9.4788161e-01
   1.4685462e-01
   5.2232592e-01
   3.2237601e-01
   8.7409096e-01
   3.4979934e-02
   6.9572032e-01
   3.9518208e-01
   9.0786648e-01
   2.4746592e-01
   5.7634753e-01
   2.6848782e-01
   7.8895241e-01
   1.2025191e-01
   6.4120673e-01
   4.4955462e-01
   9.9348961e-01
   1.6170173e-01
   5.3628812e-01
   3.6905197e-01
   8.2509467e-01
   1.5769642e-02
   7.4572285e-01
   4.1344717e-01
   8.9289828e-01
   2.0173493e-01
   5.9733902e-01
   3.1193784e-01
   7.6013945e-01
   8.4600604e-02
   6.8467196e-01
   4.7056129e-01
   9.5785352e-01
   1.3290395e-01
   5.0846262e-01
   3.3243597e-01
   8.4512050e-01
   6.0208087e-02
   7.0909166e-01
   3.8560646e-01
   9.3732154e-01
   2.2174554e-01
   5.9203573e-01
   2.5292554e-01
   8.0464061e-01
   1.0468962e-01
   6.2552235e-01
   4.6512071e-01
   9.7780523e-01
   1.7726783e-01
   5.5197202e-01
   3.5348635e-01
   8.4077858e-01
   2.0402516e-04
   7.3003513e-01
   4.2900897e-01
   8.7721056e-01
   2.1729673e-01
   6.1302292e-01
   2.9637222e-01
   7.7582335e-01
   6.9034984e-02
   6.6898424e-01
   4.8612309e-01
   9.4216581e-01
   1.4846575e-01
   5.2415082e-01
   3.1687368e-01
   8.6080870e-01
   4.4645808e-02
   6.9340728e-01
   4.0117256e-01
   9.2163716e-01
   2.3731163e-01
   5.6904888e-01
   2.7583583e-01
   7.9636348e-01
   1.1301274e-01
   6.4844780e-01
   4.4214928e-01
   9.8614352e-01
   1.6900611e-01
   5.4462615e-01
   3.6078666e-01
   8.1689195e-01
   2.4166684e-02
   7.3732009e-01
   4.2164799e-01
   9.0115787e-01
   1.9339499e-01
   6.0469858e-01
   3.0465100e-01
   7.5291137e-01
   9.2022986e-02
   6.7724767e-01
   4.7778364e-01
   9.6513846e-01
   1.2553867e-01
   5.0018550e-01
   3.4076244e-01
   8.5350622e-01
   5.1994266e-02
   7.1731120e-01
   3.7722264e-01
   9.2900079e-01
   2.3002457e-01
   5.8461119e-01
   2.6014766e-01
   8.1192579e-01
   9.7324576e-02
   6.3288168e-01
   4.5783363e-01
   9.7057739e-01
   1.8469046e-01
   5.6019180e-01
   3.4510279e-01
   8.3245759e-01
   8.4828078e-03
   7.2175825e-01
   4.3733568e-01
   8.8559604e-01
   2.0908268e-01
   6.2026423e-01
   2.8896712e-01
   7.6847702e-01
   7.6339113e-02
   7.4169137e-01
   1.7126671e-01
   3.5088225e-01
   8.1183180e-01
   7.2546838e-02
   5.1790161e-01
   9.6335571e-01
   3.7733675e-01
   4.8449397e-01
   9.1407139e-01
   5.9393102e-01
   5.4878369e-02
   8.2536091e-01
   2.7071408e-01
   2.1592411e-01
   6.2990687e-01
   1.5193222e-01
   6.9095382e-01
   7.6136879e-01
   3.3176127e-01
   5.3772104e-01
   1.2376838e-01
   4.2828376e-01
   9.8296164e-01
   9.0328503e-01
   4.4230550e-01
   1.2476391e-02
   5.8287011e-01
   2.8296862e-01
   8.6901852e-01
   6.7377798e-01
   2.2845319e-01
   3.1540743e-01
   7.7627304e-01
   7.0585047e-01
   1.3558599e-01
   9.9981088e-01
   4.1389118e-01
   1.0936809e-01
   5.5457800e-01
   5.6796629e-01
   2.8829800e-02
   4.5865119e-01
   8.8838892e-01
   2.4284629e-01
   6.5692821e-01
   8.5216115e-01
   2.9736932e-01
   7.9499729e-01
   3.6529061e-01
   1.8568267e-01
   7.2484926e-01
   3.9370542e-01
   9.4846715e-01
   5.0302076e-01
   8.8907789e-02
   4.0470536e-02
   6.1076499e-01
   9.3091309e-01
   4.7007842e-01
   6.4479586e-01
   1.9955501e-01
   2.5435258e-01
   8.4024230e-01
   1.1593581e-01
   5.4557269e-01
   9.7512716e-01
   4.3613731e-01
   6.9874440e-01
   1.4416072e-01
   3.3955376e-01
   7.5359538e-01
   8.6116502e-01
   2.9080304e-01
   2.2060160e-01
   6.8161049e-01
   4.5007885e-01
   8.9549260e-01
   5.9064156e-01
   4.6858695e-03
   5.2574944e-01
   6.4710452e-02
   3.8518649e-01
   9.5551742e-01
   1.6349139e-01
   7.4947814e-01
   8.0405457e-01
   3.5867093e-01
   2.7855231e-01
   8.1751123e-01
   6.3774319e-01
   2.0807633e-01
   9.0628278e-01
   4.9227114e-01
   4.7091662e-02
   6.0170628e-01
   9.4061368e-01
   4.0153981e-01
   8.1056232e-02
   5.1085324e-01
   3.7306400e-01
   7.8720484e-01
   7.3262074e-01
   1.7789212e-01
   1.9172247e-01
   6.5264747e-01
   8.3240785e-01
   2.6220611e-01
   6.1855560e-01
   3.2699000e-02
   4.7787094e-01
   9.2313964e-01
   4.2172939e-01
   9.9196123e-01
   5.6241429e-01
   1.0152035e-01
   7.6848440e-01
   3.2318463e-01
   1.2779925e-01
   7.1362576e-01
   6.6477601e-01
   2.3500993e-01
   3.0521903e-01
   8.4432289e-01
   2.1054450e-02
   5.7575309e-01
   8.8061166e-01
   4.6643989e-01
   4.6384496e-01
   8.7783562e-01
   5.7303787e-01
   1.8398451e-02
   8.5137336e-01
   3.1232860e-01
   2.4218068e-01
   6.7176553e-01
   7.1640377e-01
   1.3039222e-01
   3.2583878e-01
   7.7120146e-01
   9.4408814e-02
   5.5536579e-01
   9.8497356e-01
   4.1455679e-01
   9.2780977e-01
   4.8247803e-01
   3.7245269e-02
   6.2328680e-01
   2.6089294e-01
   8.3127973e-01
   6.5145817e-01
   1.9047025e-01
   1.7328306e-01
   7.2795258e-01
   7.8247549e-01
   3.6851588e-01
   5.1198333e-01
   8.2367431e-02
   4.0279018e-01
   9.4180484e-01
   6.0887897e-01
   5.4079249e-02
   4.9931973e-01
   9.1339422e-01
   2.0535924e-01
   6.3508907e-01
   8.1491824e-01
   2.7577433e-01
   3.5168137e-01
   7.9688385e-01
   7.4236854e-01
   1.5644095e-01
   9.5817351e-01
   3.8790162e-01
   6.7486583e-02
   5.2834428e-01
   3.4946272e-03
   5.8939128e-01
   8.9418131e-01
   4.4894885e-01
   6.8615864e-01
   2.2533092e-01
   2.9547123e-01
   8.6577406e-01
   7.5484762e-01
   3.4074303e-01
   1.4528887e-01
   7.0005753e-01
   4.3140603e-01
   9.7058098e-01
   5.4096550e-01
   1.1126577e-01
   8.3905121e-01
   2.5310239e-01
   1.9824364e-01
   6.4366571e-01
   4.7462648e-01
   9.3564226e-01
   6.1543333e-01
   4.5079659e-02
   9.0159947e-02
   5.0420989e-01
   9.4959545e-01
   3.9501865e-01
   7.2011813e-01
   1.8113658e-01
   3.6068334e-01
   7.9032711e-01
   3.0454187e-01
   8.5914865e-01
   6.6397689e-01
   2.4995788e-01
   8.8567192e-01
   4.5599722e-01
   2.6236656e-02
   5.6518822e-01
   5.4758853e-01
   1.0219752e-01
   4.0678144e-01
   9.9276035e-01
   1.3824193e-01
   7.0856550e-01
   7.7904926e-01
   3.1800243e-01
   2.3312341e-01
   6.7838522e-01
   8.7356464e-01
   2.8769973e-01
   5.8155680e-01
   1.1348179e-02
   4.4111628e-01
   9.0203296e-01
   9.7835243e-01
   4.2361551e-01
   1.1903913e-01
   5.3317307e-01
   3.3289145e-01
   7.6268014e-01
   6.9220404e-01
   1.5312329e-01
   6.2731184e-01
   2.1314791e-01
   2.6799901e-01
   8.2270500e-01
   6.1928986e-02
   6.0104067e-01
   9.2124205e-01
   4.9148334e-01
   3.8011491e-01
   9.6594877e-01
   5.2055567e-01
   7.5263753e-02
   8.0472018e-01
   3.4383360e-01
   1.6427918e-01
   7.3451886e-01
   1.6837554e-01
   7.3873842e-01
   8.0894087e-01
   3.4792907e-01
   5.1696357e-01
   7.1547016e-02
   3.7639895e-01
   9.6235565e-01
   9.1702458e-01
   4.8738490e-01
   5.7831316e-02
   5.9682218e-01
   2.7171414e-01
   8.2629871e-01
   6.3090669e-01
   2.1686215e-01
   6.8800087e-01
   1.4904106e-01
   3.2880808e-01
   7.5847786e-01
   1.2276856e-01
   5.3678300e-01
   9.8196158e-01
   4.2734595e-01
   4.4519642e-01
   9.0623821e-01
   5.8576128e-01
   1.5429339e-02
   8.6995632e-01
   2.8396868e-01
   2.2939123e-01
   6.7477780e-01
   7.7531995e-01
   3.1439214e-01
   1.3463266e-01
   7.0483541e-01
   4.1098496e-01
   9.9684246e-01
   5.5167154e-01
   1.0639991e-01
   2.9844853e-02
   5.6891962e-01
   8.8940421e-01
   4.5960428e-01
   6.5989639e-01
   2.4575275e-01
   3.0033774e-01
   8.5506737e-01
   3.6427532e-01
   7.9404420e-01
   7.2383421e-01
   1.8472934e-01
   9.4549873e-01
   3.9079920e-01
   8.5939611e-02
   5.0011431e-01
   6.1171833e-01
   4.1485589e-02
   4.7103151e-01
   9.3192838e-01
   2.0246147e-01
   6.4776403e-01
   8.4314852e-01
   2.5732100e-01
   5.4455832e-01
   1.1498179e-01
   4.3512318e-01
   9.7417291e-01
   1.4119322e-01
   6.9583725e-01
   7.5062812e-01
   3.3664637e-01
   2.9175730e-01
   8.6217915e-01
   6.8256451e-01
   2.2161597e-01
   8.9839998e-01
   4.5304610e-01
   7.5930126e-03
   5.9360905e-01
   6.3756434e-02
   5.2473507e-01
   9.5456316e-01
   3.8417236e-01
   7.4657099e-01
   1.6052390e-01
   3.5576354e-01
   8.0108732e-01
   8.1852536e-01
   2.7950657e-01
   2.0909070e-01
   6.3869721e-01
   4.9523839e-01
   9.0919016e-01
   6.0467377e-01
   4.9998805e-02
   3.9858785e-01
   9.3772153e-01
   5.0790104e-01
   7.8164320e-02
   7.8620600e-01
   3.7212497e-01
   1.7689304e-01
   7.3168195e-01
   6.5553938e-01
   1.9467467e-01
   2.6509826e-01
   8.3535982e-01
   3.3637787e-02
   6.1955468e-01
   9.2407867e-01
   4.7886977e-01
   9.8906908e-01
   4.1877742e-01
   9.8628435e-02
   5.5946209e-01
   3.2224561e-01
   7.6748556e-01
   7.1268697e-01
   1.2680018e-01
   2.3796214e-01
   6.6766792e-01
   8.4727485e-01
   3.0811118e-01
   5.7675216e-01
   2.1993237e-02
   4.6743873e-01
   8.8155069e-01
   8.7688253e-01
   4.6282967e-01
   1.7445120e-02
   5.7202282e-01
   3.0942238e-01
   8.4840494e-01
   6.6885908e-01
   2.3921251e-01
   1.3140727e-01
   7.1735710e-01
   7.7221675e-01
   3.2679188e-01
   5.5833397e-01
   9.7315269e-02
   4.1752520e-01
   9.8787977e-01
   4.8146274e-01
   9.2685668e-01
   6.2227175e-01
   3.6291938e-02
   8.2831131e-01
   2.5798673e-01
   1.8750207e-01
   6.4855171e-01
   7.2890591e-01
   1.7429811e-01
   3.6946897e-01
   7.8349078e-01
   8.5273886e-02
   5.1495151e-01
   9.4471106e-01
   4.0575860e-01
   5.1188080e-02
   6.0592602e-01
   9.1050329e-01
   4.9636654e-01
   6.3415103e-01
   2.0435942e-01
   2.7483653e-01
   8.1391817e-01
   7.9983704e-01
   3.5457230e-01
   1.5939390e-01
   7.4525971e-01
   3.8890168e-01
   9.5911131e-01
   5.2934411e-01
   6.8424627e-02
   5.8643833e-01
   6.0345817e-04
   4.4599566e-01
   8.9129038e-01
   2.2433109e-01
   6.8522059e-01
   8.6477400e-01
   2.9453343e-01
   3.4363396e-01
   7.5780081e-01
   7.0294870e-01
   1.4824182e-01
   9.7151879e-01
   4.3240609e-01
   1.1220381e-01
   5.4196532e-01
   2.5015043e-01
   8.3615906e-01
   6.4071350e-01
   1.9535172e-01
   9.3464341e-01
   4.7368745e-01
   4.4080580e-02
   6.1449455e-01
   5.0710180e-01
   9.3112151e-02
   3.9791080e-01
   9.5254741e-01
   1.8207537e-01
   7.2111721e-01
   7.9126613e-01
   3.6168218e-01
   8.5625650e-01
   3.0158990e-01
   2.4706597e-01
   6.6102469e-01
   4.5505819e-01
   8.8467308e-01
   5.6424943e-01
   2.5237577e-02
   1.0514972e-01
   5.5048045e-01
   9.9571232e-01
   4.0967359e-01
   7.0956458e-01
   1.3918072e-01
   3.1900127e-01
   7.7998829e-01
   6.7737086e-01
   2.3216939e-01
   2.8668560e-01
   8.7261038e-01
   8.3806878e-03
   5.7864966e-01
   8.9906570e-01
   4.3820890e-01
   4.2456976e-01
   9.7936656e-01
   5.3412709e-01
   1.2005349e-01
   7.6558752e-01
   3.3585870e-01
   1.5603043e-01
   6.9517153e-01
   2.1219390e-01
   6.2629748e-01
   8.2175075e-01
   2.6698488e-01
